Year      Announcements  MOAS Count     MOAS Ratio     Short-Lived MOAS
======================================================================
2014      204864981      38101          0.000186       2735      
2015      273812076      42883          0.000157       2854      
2016      419589719      69309          0.000165       3528      
2017      749972917      162637         0.000217       4859      
2018      605047664      72011          0.000119       5346      
2019      545104078      69099          0.000127       4029      
2020      525462659      70628          0.000134       4447      
2021      448580183      79866          0.000178       4146      
2022      338408597      46885          0.000139       3945      
2023      336141481      56986          0.000170       3956      
2024      383396252      36029          0.000094       3911      
